0 0.7979326923076923 0.5908173076923077 0.10817307692307693 0.8183653846153847
0 0.8786057692307693 0.6153846153846154 0.08413461538461539 0.7692307692307693
0 0.4567307692307692 0.6213942307692307 0.12980769230769232 0.7572115384615384
0 0.3325240384615385 0.5968269230769231 0.10682692307692307 0.8063461538461538
0 0.20966346153846155 0.5961538461538461 0.09882211538461541 0.8076923076923077
0 0.7077884615384615 0.5921394230769231 0.13889423076923071 0.8156971153846153
0 0.5555528846153847 0.588798076923077 0.1816346153846153 0.8223798076923077
0 0.2283653846153846 0.10177884615384616 0.06310096153846154 0.1074278846153846
0 0.13372596153846153 0.10254807692307691 0.0691105769230769 0.12245192307692307
0 0.3080048076923077 0.12132211538461538 0.0676201923076923 0.09990384615384616
0 0.07399038461538462 0.11757211538461537 0.039807692307692315 0.06384615384615386
0 0.46499999999999997 0.16752403846153846 0.042067307692307696 0.042067307692307696
0 0.39100961538461537 0.16939903846153845 0.02930288461538461 0.05182692307692308
0 0.6681971153846155 0.13146634615384614 0.038317307692307824 0.078125
0 0.7143990384615384 0.1866826923076923 0.03153846153846155 0.05935096153846153
0 0.7880048076923077 0.16788461538461538 0.04658653846153845 0.0848798076923077
0 0.7421875 0.18290865384615385 0.031562499999999986 0.06685096153846154
0 0.8372115384615384 0.18891826923076924 0.03379807692307679 0.05182692307692308
0 0.943125 0.2430048076923077 0.04281249999999987 0.0713701923076923
0 0.9668028846153847 0.21108173076923079 0.04358173076923076 0.054086538461538464
0 0.9731730769230769 0.17915865384615384 0.03680288461538449 0.05783653846153847
0 0.08173076923076923 0.5769230769230769 0.16346153846153846 0.8269230769230769