0 0.7979326923076923 0.5908173076923077 0.10817307692307693 0.8183653846153847
0 0.8793990384615384 0.6155288461538462 0.08413461538461539 0.7689663461538461
0 0.45872596153846157 0.6215384615384616 0.12954326923076923 0.7569471153846153
0 0.3325240384615385 0.5968269230769231 0.10682692307692307 0.8063461538461538
0 0.20966346153846155 0.5961538461538461 0.09882211538461538 0.8076923076923077
0 0.7077884615384615 0.5921394230769231 0.13889423076923077 0.8156971153846153
0 0.5555528846153847 0.588798076923077 0.1816346153846154 0.8223798076923077
0 0.2283653846153846 0.10177884615384616 0.06310096153846154 0.1074278846153846
0 0.13372596153846156 0.10254807692307691 0.06911057692307693 0.12245192307692307
0 0.3080048076923077 0.12132211538461538 0.06762019230769231 0.09990384615384616
0 0.07399038461538462 0.11757211538461537 0.03980769230769231 0.06384615384615384
0 0.46499999999999997 0.16752403846153846 0.042067307692307696 0.042067307692307696
0 0.39100961538461537 0.16939903846153845 0.029302884615384613 0.051826923076923076
0 0.6681971153846155 0.13146634615384614 0.03831730769230769 0.078125
0 0.7143990384615384 0.1866826923076923 0.031538461538461536 0.05935096153846154
0 0.7880048076923077 0.16788461538461538 0.04658653846153846 0.0848798076923077
0 0.7421875 0.18290865384615385 0.0315625 0.06685096153846154
0 0.8372115384615384 0.18891826923076924 0.033798076923076924 0.051826923076923076
0 0.943125 0.2430048076923077 0.042812499999999996 0.07137019230769232
0 0.9668028846153847 0.21108173076923079 0.04358173076923077 0.054086538461538464
0 0.9731730769230769 0.17915865384615384 0.03680288461538462 0.05783653846153846
0 0.081875 0.5785096153846154 0.16377403846153846 0.8264663461538462